0 0.062500 0.062500 0.125000 0.125000
0 0.187500 0.062500 0.125000 0.125000
0 0.312500 0.062500 0.125000 0.125000
0 0.437500 0.062500 0.125000 0.125000
0 0.562500 0.062500 0.125000 0.125000
0 0.687500 0.062500 0.125000 0.125000
0 0.812500 0.062500 0.125000 0.125000
0 0.937500 0.062500 0.125000 0.125000
0 0.062500 0.187500 0.125000 0.125000
0 0.187500 0.187500 0.125000 0.125000
0 0.312500 0.187500 0.125000 0.125000
0 0.437500 0.187500 0.125000 0.125000
7 0.562500 0.187500 0.125000 0.125000
0 0.687500 0.187500 0.125000 0.125000
0 0.812500 0.187500 0.125000 0.125000
12 0.937500 0.187500 0.125000 0.125000
0 0.062500 0.312500 0.125000 0.125000
0 0.187500 0.312500 0.125000 0.125000
4 0.312500 0.312500 0.125000 0.125000
0 0.437500 0.312500 0.125000 0.125000
12 0.562500 0.312500 0.125000 0.125000
0 0.687500 0.312500 0.125000 0.125000
12 0.812500 0.312500 0.125000 0.125000
0 0.937500 0.312500 0.125000 0.125000
0 0.062500 0.437500 0.125000 0.125000
12 0.187500 0.437500 0.125000 0.125000
0 0.312500 0.437500 0.125000 0.125000
0 0.437500 0.437500 0.125000 0.125000
1 0.562500 0.437500 0.125000 0.125000
0 0.687500 0.437500 0.125000 0.125000
6 0.812500 0.437500 0.125000 0.125000
0 0.937500 0.437500 0.125000 0.125000
0 0.062500 0.562500 0.125000 0.125000
6 0.187500 0.562500 0.125000 0.125000
10 0.312500 0.562500 0.125000 0.125000
4 0.437500 0.562500 0.125000 0.125000
0 0.562500 0.562500 0.125000 0.125000
6 0.687500 0.562500 0.125000 0.125000
0 0.812500 0.562500 0.125000 0.125000
0 0.937500 0.562500 0.125000 0.125000
0 0.062500 0.687500 0.125000 0.125000
0 0.187500 0.687500 0.125000 0.125000
6 0.312500 0.687500 0.125000 0.125000
0 0.437500 0.687500 0.125000 0.125000
0 0.562500 0.687500 0.125000 0.125000
0 0.687500 0.687500 0.125000 0.125000
0 0.812500 0.687500 0.125000 0.125000
0 0.937500 0.687500 0.125000 0.125000
0 0.062500 0.812500 0.125000 0.125000
0 0.187500 0.812500 0.125000 0.125000
0 0.312500 0.812500 0.125000 0.125000
0 0.437500 0.812500 0.125000 0.125000
0 0.562500 0.812500 0.125000 0.125000
0 0.687500 0.812500 0.125000 0.125000
0 0.812500 0.812500 0.125000 0.125000
0 0.937500 0.812500 0.125000 0.125000
0 0.062500 0.937500 0.125000 0.125000
0 0.187500 0.937500 0.125000 0.125000
0 0.312500 0.937500 0.125000 0.125000
0 0.437500 0.937500 0.125000 0.125000
10 0.562500 0.937500 0.125000 0.125000
0 0.687500 0.937500 0.125000 0.125000
0 0.812500 0.937500 0.125000 0.125000
0 0.937500 0.937500 0.125000 0.125000